MHCYa	MHCY13e	5.1_Line_N	7.1_YFV_CDS	8.1_Line_N	MHCY1d
MHCYa	0	0.504306220095694	0.443084455324357	0.542191435768262	0.683610867659947	0.517819706498952
MHCY13e	0.504306220095694	0	0.400371287128713	0.322087842138765	0.517730496453901	0.385593220338983
5.1_Line_N	0.443084455324357	0.400371287128713	0	0.500414937759336	0.54876615746181	0.575096277278562
7.1_YFV_CDS	0.542191435768262	0.322087842138765	0.500414937759336	0	1.43579766536965	0.568475452196382
8.1_Line_N	0.683610867659947	0.517730496453901	0.54876615746181	1.43579766536965	0	1.73228346456693
MHCY1d	0.517819706498952	0.385593220338983	0.575096277278562	0.568475452196382	1.73228346456693	0
