8.1_Line_N	7.1_YFV_CDS	MHCY1d	MHCY13e	MHCYa	5.1_Line_N
8.1_Line_N	0	1.33318098720293	1.23716699155296	1.25184162062615	1.48716012084592	3.19620253164557
7.1_YFV_CDS	1.33318098720293	0	0.764601769911504	1.32310469314079	1.99638336347197	0.965065502183406
MHCY1d	1.23716699155296	0.764601769911504	0	0.620931716656031	1.09230769230769	2.26946107784431
MHCY13e	1.25184162062615	1.32310469314079	0.620931716656031	0	0.580606060606061	1.07000946073794
MHCYa	1.48716012084592	1.99638336347197	1.09230769230769	0.580606060606061	0	1.17457305502846
5.1_Line_N	3.19620253164557	0.965065502183406	2.26946107784431	1.07000946073794	1.17457305502846	0
